2 2 2 50 12 12 12 12 3 3 3 3 30 30 30 30 30 99 99 99
2 2 2 1 12 12 12 12 3 3 3 3 30 30 30 30 30 99 99 99
2 2 2 69 1 69 69 1 69 1 1 69 1 1 69 1 1 1 3 3
2 2 2 1 13 13 13 13 13 13 13 13 13 13 1 13 13 69 3 3
50 1 1 1 13 13 13 69 25 25 25 25 25 25 25 13 13 1 3 3
2 2 2 1 13 13 13 1 25 13 1 13 1 13 25 13 13 1 12 12
2 2 2 1 13 13 13 1 25 25 25 25 25 25 25 1 1 69 12 12
2 2 2 69 1 1 1 1 25 13 1 13 1 13 25 13 13 1 12 12
2 2 2 1 13 13 13 69 25 25 25 25 25 25 25 13 13 1 30 30
2 2 2 1 13 13 13 13 13 13 1 13 13 13 13 13 13 1 30 30
50 1 1 1 1 1 1 1 1 1 1 1 1 1 1 1 1 1 1 50
50 1 69 1 1 1 1 1 1 1 1 1 1 1 1 1 1 1 1 50
2 2 2 1 0 0 0 0 0 1 8 8 8 1 8 8 8 1 8 8
2 2 2 1 0 0 0 0 0 1 8 8 8 1 8 8 8 1 8 8
2 2 2 1 0 0 0 0 0 1 8 8 8 1 8 8 8 1 8 8
2 2 2 1 1 69 1 1 1 1 1 69 1 1 1 1 1 1 8 8
0 0 0 0 1 0 0 1 0 0 0 1 8 8 1 8 8 1 8 8
0 0 0 0 1 0 0 1 0 0 0 1 8 8 1 8 8 1 8 8
0 0 0 0 1 1 1 1 1 1 69 1 1 1 69 1 1 1 8 8
0 0 0 0 1 0 0 50 0 0 0 1 8 8 8 8 8 50 8 8
